24
6
400 400 400 400 400 400 
40 40 40 40 40 40 
6
400 400 400 400 400 400 
40 40 40 40 40 40 
6
400 400 400 400 400 400 
40 40 40 40 40 40 
6
400 400 400 400 400 400 
40 40 40 40 40 40 
6
400 400 400 400 400 400 
40 40 40 40 40 40 
6
400 400 400 400 400 400 
40 40 40 40 40 40 
6
400 400 400 400 400 400 
40 40 40 40 40 40 
6
400 400 400 400 400 400 
40 40 40 40 40 40 
6
400 400 400 400 400 400 
40 40 40 40 40 40 
6
400 400 400 400 400 400 
40 40 40 40 40 40 
6
400 400 400 400 400 400 
40 40 40 40 40 40 
6
400 400 400 400 400 400 
40 40 40 40 40 40 
6
400 400 400 400 400 400 
40 40 40 40 40 40 
6
400 400 400 400 400 400 
40 40 40 40 40 40 
6
400 400 400 400 400 400 
40 40 40 40 40 40 
6
400 400 400 400 400 400 
40 40 40 40 40 40 
6
400 400 400 400 400 400 
40 40 40 40 40 40 
6
400 400 400 400 400 400 
40 40 40 40 40 40 
6
400 400 400 400 400 400 
40 40 40 40 40 40 
6
400 400 400 400 400 400 
40 40 40 40 40 40 
6
400 400 400 400 400 400 
40 40 40 40 40 40 
6
400 400 400 400 400 400 
40 40 40 40 40 40 
6
400 400 400 400 400 400 
40 40 40 40 40 40 
6
400 400 400 400 400 400 
40 40 40 40 40 40 
